dat <-
structure(list(mpg = c(21, 21, 22.800000000000001, 21.399999999999999, 
18.699999999999999, 18.100000000000001, 14.300000000000001, 24.399999999999999, 
22.800000000000001, 19.199999999999999, 17.800000000000001, 16.399999999999999, 
17.300000000000001, 15.199999999999999, 10.4, 10.4, 14.699999999999999, 
32.399999999999999, 30.399999999999999, 33.899999999999999, 21.5, 
15.5, 15.199999999999999, 13.300000000000001, 19.199999999999999, 
27.300000000000001, 26, 30.399999999999999, 15.800000000000001, 
19.699999999999999, 15, 21.399999999999999), cyl = c(6, 6, 4, 
6, 8, 6, 8, 4, 4, 6, 6, 8, 8, 8, 8, 8, 8, 4, 4, 4, 4, 8, 8, 8, 
8, 4, 4, 4, 8, 6, 8, 4), disp = c(160, 160, 108, 258, 360, 225, 
360, 146.69999999999999, 140.80000000000001, 167.59999999999999, 
167.59999999999999, 275.80000000000001, 275.80000000000001, 275.80000000000001, 
472, 460, 440, 78.700000000000003, 75.700000000000003, 71.099999999999994, 
120.09999999999999, 318, 304, 350, 400, 79, 120.3, 95.099999999999994, 
351, 145, 301, 121), hp = c(110, 110, 93, 110, 175, 105, 245, 
62, 95, 123, 123, 180, 180, 180, 205, 215, 230, 66, 52, 65, 97, 
150, 150, 245, 175, 66, 91, 113, 264, 175, 335, 109), drat = c(3.8999999999999999, 
3.8999999999999999, 3.8500000000000001, 3.0800000000000001, 3.1499999999999999, 
2.7599999999999998, 3.21, 3.6899999999999999, 3.9199999999999999, 
3.9199999999999999, 3.9199999999999999, 3.0699999999999998, 3.0699999999999998, 
3.0699999999999998, 2.9300000000000002, 3, 3.23, 4.0800000000000001, 
4.9299999999999997, 4.2199999999999998, 3.7000000000000002, 2.7599999999999998, 
3.1499999999999999, 3.73, 3.0800000000000001, 4.0800000000000001, 
4.4299999999999997, 3.77, 4.2199999999999998, 3.6200000000000001, 
3.54, 4.1100000000000003), wt = c(2.6200000000000001, 2.875, 
2.3199999999999998, 3.2149999999999999, 3.4399999999999999, 3.46, 
3.5699999999999998, 3.1899999999999999, 3.1499999999999999, 3.4399999999999999, 
3.4399999999999999, 4.0700000000000003, 3.73, 3.7799999999999998, 
5.25, 5.4240000000000004, 5.3449999999999998, 2.2000000000000002, 
1.615, 1.835, 2.4649999999999999, 3.52, 3.4350000000000001, 3.8399999999999999, 
3.8450000000000002, 1.9350000000000001, 2.1400000000000001, 1.5129999999999999, 
3.1699999999999999, 2.77, 3.5699999999999998, 2.7799999999999998
), qsec = c(16.460000000000001, 17.02, 18.609999999999999, 19.440000000000001, 
17.02, 20.219999999999999, 15.84, 20, 22.899999999999999, 18.300000000000001, 
18.899999999999999, 17.399999999999999, 17.600000000000001, 18, 
17.98, 17.82, 17.420000000000002, 19.469999999999999, 18.52, 
19.899999999999999, 20.010000000000002, 16.870000000000001, 17.300000000000001, 
15.41, 17.050000000000001, 18.899999999999999, 16.699999999999999, 
16.899999999999999, 14.5, 15.5, 14.6, 18.600000000000001), vs = c(0, 
0, 1, 1, 0, 1, 0, 1, 1, 1, 1, 0, 0, 0, 0, 0, 0, 1, 1, 1, 1, 0, 
0, 0, 0, 1, 0, 1, 0, 0, 0, 1), am = c(1, 1, 1, 0, 0, 0, 0, 0, 
0, 0, 0, 0, 0, 0, 0, 0, 0, 1, 1, 1, 0, 0, 0, 0, 0, 1, 1, 1, 1, 
1, 1, 1), gear = c(4, 4, 4, 3, 3, 3, 3, 4, 4, 4, 4, 3, 3, 3, 
3, 3, 3, 4, 4, 4, 3, 3, 3, 3, 3, 4, 5, 5, 5, 5, 5, 4), carb = c(4, 
4, 1, 1, 2, 1, 4, 2, 2, 4, 4, 3, 3, 3, 4, 4, 4, 1, 2, 1, 1, 2, 
2, 4, 2, 1, 2, 2, 4, 6, 8, 2)), row.names = c("Mazda RX4", "Mazda RX4 Wag", 
"Datsun 710", "Hornet 4 Drive", "Hornet Sportabout", "Valiant", 
"Duster 360", "Merc 240D", "Merc 230", "Merc 280", "Merc 280C", 
"Merc 450SE", "Merc 450SL", "Merc 450SLC", "Cadillac Fleetwood", 
"Lincoln Continental", "Chrysler Imperial", "Fiat 128", "Honda Civic", 
"Toyota Corolla", "Toyota Corona", "Dodge Challenger", "AMC Javelin", 
"Camaro Z28", "Pontiac Firebird", "Fiat X1-9", "Porsche 914-2", 
"Lotus Europa", "Ford Pantera L", "Ferrari Dino", "Maserati Bora", 
"Volvo 142E"), class = "data.frame")
res <-
structure(list(coefficients = c(`(Intercept)` = 30.098860539622486, 
hp = -0.068228278071563661), residuals = c(`Mazda RX4` = -1.5937499517505345, 
`Mazda RX4 Wag` = -1.5937499517504932, `Datsun 710` = -0.95363067896707099, 
`Hornet 4 Drive` = -1.1937499517504913, `Hornet Sportabout` = 0.54108812290114738, 
Valiant = -4.834891342108306, `Duster 360` = 0.91706758791060383, 
`Merc 240D` = -1.468707299185547, `Merc 230` = -0.81717412282394386, 
`Merc 280` = -2.5067823368201627, `Merc 280C` = -3.9067823368201613, 
`Merc 450SE` = -1.417770486741035, `Merc 450SL` = -0.51777048674103288, 
`Merc 450SLC` = -2.6177704867410343, `Cadillac Fleetwood` = -5.712063534951942, 
`Lincoln Continental` = -5.029780754236306, `Chrysler Imperial` = 0.29364341683714801, 
`Fiat 128` = 6.8042058131007073, `Honda Civic` = 3.8490099200988164, 
`Toyota Corolla` = 8.2359775350291446, `Toyota Corona` = -1.9807175666808172, 
`Dodge Challenger` = -4.3646188288879433, `AMC Javelin` = -4.664618828887944, 
`Camaro Z28` = -0.082932412089396446, `Pontiac Firebird` = 1.0410881229011475, 
`Fiat X1-9` = 1.7042058131007092, `Porsche 914-2` = 2.1099127648898004, 
`Lotus Europa` = 8.0109348824642002, `Ford Pantera L` = 3.7134048712703129, 
`Ferrari Dino` = 1.5410881229011475, `Maserati Bora` = 7.7576126143513324, 
`Volvo 142E` = -1.2619782298220548), effects = c(`(Intercept)` = -113.64973740620783, 
hp = -26.045592217405961, -0.55620191424634113, -0.85207968479036245, 
0.66956413371780188, -4.4768215169832946, 0.81594978441890142, 
-0.96960127384254469, -0.42630518136916712, -2.2077509210887287, 
-3.6077509210887273, -1.3056940340892631, -0.40569403408926102, 
-2.5056940340892626, -5.6819848731245832, -5.0325012087387124, 
0.24172428784009353, 7.2901921919118031, 4.3809150617715842, 
8.7252438254732176, -1.5964084484919936, -4.1541450272468756, 
-4.4541450272468763, -0.1840502155810988, 1.169564133717802, 
2.1901921919118053, 2.5139013528764833, 8.3427654145253989, 3.5499687467520564, 
1.669564133717802, 7.361302763891743, -0.91702805122894926), 
    rank = 2L, fitted.values = c(`Mazda RX4` = 22.593749951750535, 
    `Mazda RX4 Wag` = 22.593749951750492, `Datsun 710` = 23.75363067896707, 
    `Hornet 4 Drive` = 22.593749951750489, `Hornet Sportabout` = 18.158911877098852, 
    Valiant = 22.934891342108308, `Duster 360` = 13.382932412089398, 
    `Merc 240D` = 25.868707299185544, `Merc 230` = 23.617174122823943, 
    `Merc 280` = 21.706782336820162, `Merc 280C` = 21.706782336820162, 
    `Merc 450SE` = 17.817770486741033, `Merc 450SL` = 17.817770486741033, 
    `Merc 450SLC` = 17.817770486741033, `Cadillac Fleetwood` = 16.112063534951943, 
    `Lincoln Continental` = 15.429780754236306, `Chrysler Imperial` = 14.406356583162852, 
    `Fiat 128` = 25.59579418689929, `Honda Civic` = 26.550990079901183, 
    `Toyota Corolla` = 25.664022464970856, `Toyota Corona` = 23.480717566680816, 
    `Dodge Challenger` = 19.864618828887942, `AMC Javelin` = 19.864618828887942, 
    `Camaro Z28` = 13.382932412089398, `Pontiac Firebird` = 18.158911877098852, 
    `Fiat X1-9` = 25.59579418689929, `Porsche 914-2` = 23.890087235110201, 
    `Lotus Europa` = 22.3890651175358, `Ford Pantera L` = 12.086595128729687, 
    `Ferrari Dino` = 18.158911877098852, `Maserati Bora` = 7.2423873856486676, 
    `Volvo 142E` = 22.661978229822054),